0.010579174349949247  3.189688484185952
0.011055547880615305  3.4868087798646927
0.011464048244007038  3.7839611100766612
0.011872428477899176  4.052794912916123
0.01228062851754191  4.279150924696823
0.012756641659709165  4.491315638258041
0.013130604791965737  4.646891348874085
0.013572561220996232  4.83075355232941
0.01401439752052713  4.986297228412228
0.014388300588033899  5.127713675342018
0.014830136887564797  5.283257351424835
0.015271973187095687  5.438801027507653
0.015679752773489822  5.566042193484575
0.016121408878771316  5.679108078508631
0.016529008270916044  5.763871453426793
0.016970844570446942  5.91941512950961
0.017412680869977833  6.074958805592428
0.01782052052112177  6.216359235255605
0.018228179978016304  6.3152818738600205
0.018670076342296997  6.484984813629091
0.01911173244757849  6.598050698653147
0.01951957209872242  6.739451128316324
0.019927411749866356  6.880851557979501
0.020369248049397253  7.036395234062319
0.020776967571041582  7.149477136352988
0.02125262032471004  7.276686267796684
0.02166052004060377  7.432245961146114
0.022102236210635066  7.559471109856425
0.022510075861779  7.700871539519602
0.022951491708061288  7.757300369798642
0.023325214581318664  7.856239025669671
0.02373251364971439  7.870206082156564
0.024207685885384446  7.884141104110229
0.024614624565281375  7.8131525784796
0.02505501931081706  7.628873926092326
0.02542742075957883  7.416308780865772
0.025867395051865912  7.1329152826747215
0.026307129085153796  6.792884729738657
0.02671268627580532  6.39623313932419
0.027153141086090807  6.2261137506231705
0.0275941965438743  6.197586998784688
0.02800179593601903  6.28235037370285
0.028409395328163757  6.367113748621012
0.028884507499084014  6.366889506888425
0.02925793004859238  6.395031844328185